result_label=baseline_repaired
objective=10.012786187799957
return_code=Manual
evaluations=0
stage=full
calibration_dataset=heating
signal_loss=0.1028443512343133
flow_slope_loss=8.219941147405434
capacitance_regularization=6.891602117311086e-7
power_regularization=1.689999999999997
parameters=[0.35508897745473206, 0.013182183431474639, 3.61, 0.45289250852056845, 1.34, 1.58, 1.11, 53.971081967474575, 85.27824863197442, 10.108991005714476, 274.49912776906086, 0.7542695414237681, 0.9743146639117137, 5.124666398428759, 0.9997602289810131, 152.06272947224176, 1.8532169665844016, 6.828083484701864, 778.2455084200903, 0.11591364722106841, 3.5463420889289515e-5, 0.003940910909642221, 9.712355465108256, 46.340318660513205, 0.8242722722705073, 0.022400324356015293, 0.047073136973866524, 0.0]
