case=E73
coarse_mesh=(10,5,2,30,20)
nominal_mesh=(14,7,3,45,30)
fine_mesh=(20,10,4,60,40)
final_sensor_vectors=[[816.1317930318405, 709.4928814710959, 626.067433525212, 710.2962656163413, 626.5662753007877, 557.7138438487129, 336.98131660441123], [810.255838101984, 706.486638804666, 623.8961523853043, 707.3176201653982, 624.4130338917049, 555.8219452882247, 338.2372907491499], [805.3470036763889, 704.3045024715325, 622.2590803637715, 705.1536109880248, 622.7878297574398, 554.3701250472969, 338.551267151281]]
final_dp1_mbar=[1.4931223172675794, 1.4813832042248865, 1.4719576192397685]
coarse_to_nominal_max_K=5.875954929856562
nominal_to_fine_max_K=4.908834425595046
dp_coarse_to_nominal_mbar=0.011739113042692928
dp_nominal_to_fine_mbar=0.009425584985117919
accepted=true
